0.0539
0.2994
0.5470
0.7920
1.0441
1.2846
1.5295
1.7761
2.0207
2.2666
2.5150
2.7595
3.0109
3.2521
3.4949
3.7408
3.9898
4.2339
4.4809
4.7268
4.9788
5.2200
5.4641
5.7164
5.9566
6.2013
6.4483
6.6976
6.9440
7.1878
7.6805
7.9216
8.1707
8.4124
8.6627
9.1495
9.3973
9.6433
9.8887
10.1381
10.3799
10.6290
10.8827
11.1174
11.3651
11.6107
11.8555
12.1053
12.3479
12.5975
13.0853
13.3327
13.5784
13.8231
14.0730
14.3160
14.5740
14.8137
15.0530
15.2982
15.7904
16.0376
16.2831
16.5305
17.0204
17.2663
17.5135
17.7582
18.0053
18.2497
18.4993
18.7484
18.9878
19.2337
19.4789
19.7266
19.9734
20.2147
20.4654
20.7152
20.9561
21.2020
21.4455
21.6926
21.9510
22.1845
22.4442
22.9238
23.1690
23.6590
24.1517
24.6439
24.8889
25.1370
25.3818
25.6266
25.8734
26.1193
26.3648
26.6106
26.8560
27.1048
27.3488
27.5933
27.8439
28.0864
28.3332
28.5793
28.8240
29.0694
29.3156
29.5634
29.8080
30.0545
30.2990
30.5446
30.7903
31.0365
31.2844
31.5285
32.0214
32.2729
32.5119
32.7571
33.0040
33.2507
33.4957
33.7427
33.9883
34.2326
34.4784
34.7248
34.9707
35.2178
35.4643
35.7105
35.9536
36.1992
36.4462
36.6919
36.9392
37.1843
37.4333
37.6772
37.9226
38.1708
38.4146
38.6597
38.9066
39.1507
39.3966
39.8900
40.3812
40.6270
40.8743
41.1193
41.3657
41.6122
41.8566
42.1006
42.3480
42.5937
42.8421
43.0866
43.3311
43.8238
44.0695
44.3171
44.5615
44.8087
45.0538
45.3003
45.5455
45.7922
46.0377
46.2838
46.5287
46.7742
47.0225
47.2659
47.7588
48.0078
48.2496
48.4945
48.7412
48.9878
49.2359
49.4810
49.7256
49.9712
50.2159
50.4630
50.7084
50.9557
51.2016
51.4487
51.6925
51.9351
52.1838
52.4301
52.6764
52.9218
53.1674
53.4149
53.6600
53.9121
54.1483
54.4002
54.6435
54.8837
55.1370
55.3815
55.6283
55.8746
56.1265
56.3685
56.6101
56.8644
57.1049
57.3495
57.5940
57.8424
58.0905
58.3333
58.5778
58.8238
59.0728
59.3157
59.5617
59.8082
60.0592
60.2993
60.5466
60.7991
61.0357
61.2825
61.5306
61.7790
62.0256
62.2657
62.7632
63.0021
63.2527
63.4954
63.7441
64.2329
64.4791
64.7267
64.9707
65.2205
65.4631
65.7130
66.2002
66.4465
66.6941
66.9387
67.1856
67.4307
67.6800
67.9301
68.1681
68.4154
68.6601
68.9061
69.1535
69.3990
69.6558
69.8955
70.1364
70.3812
70.8734
71.1227
71.3619
71.6140
71.8640
72.1031
72.3487
72.5933
72.8395
73.0889
73.3296
73.5823
73.8321
74.0681
74.3161
74.5603
74.8072
75.0563
75.2974
75.5495
75.8002
76.0348
76.2841
76.5281
76.7729
77.0322
77.2654
77.5248
78.0030
78.2496
78.7398
79.2340
79.7258
79.9707
80.2164
80.4639
80.7097
80.9558
81.2018
81.4433
81.6913
81.9387
82.1837
82.4316
82.6764
83.1695
83.4159
83.6599
83.9057
84.1511
84.3970
84.6457
84.8896
85.1353
85.3790
85.6275
85.8717
86.1187
86.3649
86.6117
87.1028
87.3527
87.5938
87.8395
88.0870
88.3322
88.5763
88.8247
89.0699
89.3142
89.5612
89.8069
90.0542
90.3004
90.5453
90.7936
91.0365
91.2807
91.5290
91.7741
92.0225
92.2667
92.7575
93.0048
93.2502
93.4974
93.7421
93.9900
94.2327
94.4783
94.9721
95.4643
95.7088
95.9542
96.2015
96.4471
96.6952
96.9397
97.1812
97.4291
97.6764
97.9212
98.1691
98.4138
98.6644
98.9069
99.1538
99.3975
99.6439
99.8885
100.1348
100.3838
100.6281
100.8741
101.1162
101.3650
101.6093
101.8561
102.1039
102.3492
102.8402
103.0897
103.3312
103.5764
103.8244
104.0699
104.3165
104.5627
104.8076
105.0516
105.2988
105.5445
105.7917
106.0369
106.2847
106.5319
106.7735
107.0169
107.2665
107.5116
107.7597
108.0044
108.4967
108.7420
108.9947
109.2303
109.4822
109.7239
109.9644
110.2169
110.4664
110.7078
110.9577
111.4449
111.6924
111.9388
112.1831
112.4339
112.6752
112.9260
113.4126
113.6594
113.9059
114.1509
114.4001
114.6431
114.8945
115.3804
115.6283
115.8735
116.1184
116.3691
116.6112
116.8693
117.3485
117.5937
118.0857
118.3341
118.5773
118.8260
119.3157
119.5614
119.8076
120.0537
120.3012
120.5429
120.7950
121.0439
121.2830
121.5288
121.7733
122.0219
122.2694
122.5095
122.7625
123.0089
123.2496
123.4966
123.7405
123.9880
124.2370
124.4792
124.7379
124.9772
125.2206
125.4643
125.9540
126.2038
126.4451
126.6962
126.9462
127.1824
127.4299
127.6762
127.9210
128.1714
128.4127
128.6639
128.9147
129.1501
129.3976
129.6434
129.8882
130.1380
130.3806
130.6314
130.8812
131.1178
131.3659
131.6109
131.8556
132.1144
132.3484
132.6064
133.0857
133.3308
133.8230
134.3153
134.8065
135.0533
135.2988
135.5451
135.7920
136.0386
136.2836
136.5244
136.7735
137.0196
137.2662
137.5133
137.7596
138.0103
138.2487
138.4993
138.7414
138.9870
139.2346
139.4795
139.7234
139.9726
140.2167
140.4597
140.7095
140.9536
141.2021
141.4476
141.6917
142.1850
142.4337
142.6767
142.9227
143.1700
143.4144
143.6601
143.9077
144.1522
144.3984
144.6443
144.8892
145.1375
145.3828
145.6263
145.8782
146.1193
146.3624
146.6124
146.8565
147.1020
147.3484
147.5956
147.8402
148.0876
148.3351
148.5793
148.8245
149.0688
149.3141
149.5615
150.0537
150.5444
150.7902
151.0361
151.2838
151.5288
151.7768
152.0208
152.2642
152.5111
152.7572
153.0038
153.2508
153.4971
153.9872
154.2368
154.4792
154.7247
154.9718
155.2169
155.4628
155.7108
155.9544
156.1979
156.4471
156.6913
156.9394
157.1860
157.4307
157.9220
158.1714
158.4142
158.6596
158.9073
159.1521
159.3944
159.6441
159.8892
160.1347
160.3824
160.6266
160.8749
161.1203
161.3641
161.6148
161.8564
162.0993
162.3497
162.5941
162.8395
163.0870
163.5792
163.8230
164.0717
164.3146
164.5620
164.8059
165.0594