0.0527
0.4757
0.9004
1.1838
1.4643
1.6088
1.7489
1.8904
2.0315
2.1737
2.3152
2.4562
2.5980
2.7399
2.8807
3.0225
3.1637
3.3056
3.4471
3.5886
3.7278
3.8716
4.0129
4.1543
4.2966
4.4378
4.5792
4.7212
4.8608
5.0041
5.1451
5.2865
5.4281
5.5694
5.7107
5.8522
5.9939
6.1359
6.2767
6.4181
6.5596
6.7017
6.8448
6.9844
7.1263
7.2690
7.4093
7.5507
7.6935
7.8346
7.9755
8.2585
9.1081
9.5303
9.6746
9.9572
10.2411
10.5225
10.8054
11.3718
11.7962
11.9376
12.2202
12.5039
12.7869
13.0695
13.6357
14.0610
14.2016
14.4844
14.7678
15.0510
15.3334
15.8999
16.3252
16.4657
16.7494
17.0335
17.3142
17.5985
18.1618
18.2995
18.4416
18.5832
18.7295
18.8661
19.0085
19.1483
19.2953
19.4320
19.5759
19.7158
19.8614
19.9990
20.1400
20.2802
20.4255
20.5641
20.7070
20.8476
20.9930
21.1317
21.2720
21.4126
21.5597
21.6956
21.8401
21.9794
22.1250
22.2636
22.4037
22.5441
22.6905
22.8276
22.9705
23.1117
23.2578
23.3957
23.5360
23.6767
23.8251
23.9602
24.1042
24.2437
24.3899
24.5259
24.6678
24.8085
24.9547
25.0921
25.2350
25.3757
25.5217
25.6584
25.8005
25.9406
26.0892
26.2239
26.3680
26.5077
26.6536
26.7907
26.9319
27.0722
27.2201
27.3567
27.5002
27.6400
27.7855
27.9240
28.0650
28.2073
28.3533
28.4887
28.6322
28.7719
28.9175
29.0561
29.1984
29.3395
29.4840
29.6207
29.7640
29.9039
30.0493
30.1878
30.3289
30.4714
30.6173
30.7525
30.8963
31.0357
31.1814
31.3199
31.4604
31.6037
31.7493
31.8851
32.0281
32.1680
32.3134
32.4521
32.5929
32.7354
32.8813
33.0168
33.1600
33.2998
33.4457
33.5838
33.7282
33.8672
34.0131
34.1490
34.2922
34.4320
34.5775
34.7161
34.8573
34.9997
35.1453
35.2812
35.4243
35.5640
35.7098
35.8482
35.9890
36.1314
36.2771
36.4128
36.5559
36.6959
36.8423
36.9799
37.1221
37.2637
37.4095
37.5446
37.6882
37.8280
37.9739
38.1119
38.2556
38.3956
38.5413
38.6768
38.8198
38.9598
39.1063
39.2435
39.3852
39.5277
39.6735
39.8090
39.9519
40.0915
40.2381
40.3758
40.5168
40.6596
40.8052
40.9421
41.0842
41.2248
41.3707
41.5079
41.6525
41.7919
41.9375
42.0745
42.2163
42.3567
42.5022
42.6402
42.7849
42.9241
43.0694
43.2063
43.3485
43.4888
43.6346
43.7725
43.9152
44.0561
44.2015
44.3379
44.4805
44.6204
44.7666
44.9044
45.0461
45.1879
45.3335
45.4709
45.6120
45.7528
45.8993
46.0361
46.1803
46.3200
46.4653
46.6031
46.7444
46.8842
47.0303
47.1683
47.3125
47.4521
47.5972
47.7345
47.8760
48.0173
48.1628
48.2997
48.4443
48.5837
48.7292
48.8675
49.0084
49.1484
49.2949
49.4318
49.5759
49.7158
49.8610
49.9996
50.1402
50.2807
50.4263
50.5641
50.7079
50.8477
50.9933
51.1311
51.2725
51.4127
51.5586
51.6964
51.8405
51.9798
52.1215
52.2622
52.4046
52.5449
52.6881
52.8283
52.9705
53.1117
53.2530
53.3935
53.5359
53.6764
53.8198
53.9605
54.1024
54.2427
54.3896
54.5264
54.6695
54.8100
54.9578
55.0928
55.2367
55.3760
55.5221
55.6602
55.8010
55.9433
56.0897
56.2243
56.3681
56.5075
56.6532
56.7920
56.9329
57.0762
57.2216
57.3562
57.5005
57.6397
57.7857
57.9238
58.0666
58.2070
58.3536
58.4888
58.6324
58.7715
58.9178
59.0562
59.1982
59.3400
59.4857
59.6204
59.7641
59.9035
60.0500
60.1878
60.3285
60.4716
60.6175
60.7520
60.8962
61.0355
61.1813
61.3196
61.4618
61.6041
61.7495
61.8841
62.0280
62.1675
62.3139
62.4518
62.5936
62.7355
62.8815
63.0164
63.1603
63.2998
63.4459
63.5841
63.7259
63.8679
64.0137
64.1483
64.2922
64.4315
64.5781
64.7158
64.8572
64.9989
65.1455
65.2801
65.4239
65.5633
65.7093
65.8479
65.9893
66.1320
66.2774
66.4122
66.5561
66.6956
66.8419
66.9796
67.1224
67.2638
67.4095
67.5445
67.6883
67.8275
67.9743
68.1119
68.2544
68.3959
68.5418
68.6769
68.8201
68.9593
69.1083
69.2437
69.3856
69.5277
69.6737
69.8084
69.9516
70.0915
70.2379
70.3755
70.5169
70.6599
70.8056
70.9407
71.0842
71.2234
71.3712
71.5074
71.6512
71.7916
71.9377
72.0720
72.2161
72.3554
72.5026
72.6400
72.7844
72.9242
73.0696
73.2060
73.3483
73.4882
73.6365
73.7720
73.9165
74.0558
74.2015
74.3399
74.4800
74.6203
74.7661
74.9039
75.0484
75.1880
75.3335
75.4708
75.6127
75.7520
75.8998
76.0355
76.1807
76.3199
76.4656
76.6035
76.7445
76.8843
77.0303
77.3183
77.4580
77.6014
77.8816
78.1655
78.4498
78.7343
79.0153
79.2974
79.5821
79.7218
79.8664
80.1480
80.4318
80.7125
80.9983
81.2799
81.5610
81.7053
81.8485
81.9882
82.1290
82.2726
82.4128
82.5556
82.6943
82.8395
82.9791
83.1231
83.2610
83.4042
83.5472
83.6877
83.8259
83.9716
84.1118
84.2528
84.3931
84.5364
84.6785
84.8193
84.9576
85.1034
85.2429
85.3863
85.5253
85.6684
85.8110
85.9515
86.0899
86.2356
86.3769
86.5185
86.6575
86.7993
86.9429
87.0835
87.2219
87.3677
87.5072
87.6514
87.7894
87.9325
88.0747
88.2156
88.3539
88.4995
88.6402
88.7808
88.9208
89.0649
89.2067
89.3478
89.4861
89.6313
89.7713
89.9142
90.0530
90.1963
90.3392
90.4795
90.6180
90.7633
90.9063
91.0468
91.1858
91.3315
91.4711
91.6134
91.7500
91.8961
92.0354
92.1793
92.3176
92.4623
92.6035
92.7448
92.8818
93.0279
93.1707
93.3110
93.4495
93.5952
93.7348
93.8768
94.0137
94.1597
94.2990
94.4431
94.5817
94.7271
94.8671
95.0089
95.1464
95.2919
95.4354
95.5752
95.7142
95.8564
95.9991
96.1406
96.2785
96.4240
96.5644
96.7074
96.8462
96.9903
97.1312
97.2732
97.4107
97.5561
97.6980
97.8390
97.9784
98.1226
98.2632
98.4052
98.5427
98.6879
98.8277
98.9713
99.1102
99.2544
99.3956
99.5368
99.6744
99.8201
99.9615
100.1028
100.2417
100.3874
100.5266
100.6685
100.8067
100.9517
101.0914
101.2351
101.3741
101.5189
101.6589
101.8001
101.9382
102.0835
102.2272
102.3669
102.5062
102.6513
102.7906
102.9325
103.0706
103.2157
103.3554
103.4990
103.6378
103.7833
103.9230
104.0654
104.2022
104.3475
104.4905
104.6308
104.7700
104.9153
105.0548
105.1967
105.3346
105.4796
105.6198
105.7633
105.9020
106.0467
106.1868
106.3282
106.4667
106.6118
106.7533
106.8951
107.0340
107.1788
107.3189
107.4603
107.5989
107.7436
107.8833
108.0272
108.1660
108.3107
108.4514
108.5927
108.7304
108.8765
109.0197
109.1589
109.2976
109.4434
109.5827
109.7273
109.8628
110.0088
110.1497
110.2914
110.4300
110.5757
110.7150
110.8590
110.9958
111.1409
111.2835
111.4228
111.5615
111.7071
111.8468
111.9915
112.1270
112.2722
112.4141
112.5552
112.6939
112.8394
112.9797
113.1233
113.2608
113.4046
113.5476
113.6873
113.8260
113.9714
114.1108
114.2553
114.3928
114.5365
114.6787
114.8193
114.9583
115.1035
115.2430
115.3872
115.5248
115.6685
115.8119
115.9514
116.0901
116.2357
116.3753
116.5192
116.6567
116.8003
116.9423
117.0832
117.2221
117.3676
117.5077
117.6513
117.7894
118.2108
118.3545
118.6358
118.9210
119.2023
119.4858
119.7725
120.0506
120.3358
120.4767
120.6184
120.9011
121.1859
121.4658
121.7504
122.0335
122.3147
122.5989
122.7411
122.8821
123.1651
123.4478
123.7303
124.0146
124.3009
124.5790
124.8644
125.0041
125.1472
125.4295
125.7148
125.9947
126.2791
126.5620
126.8436
127.1282
127.2700
127.4108
127.6939
127.9771
128.2590
128.5428
128.8283
129.1078
129.3927
129.5328
129.6752
129.9581
130.2435
130.5226
130.8071
131.0901
131.3732
131.6558
131.7972
131.9388
132.2223
132.5059
132.7870
133.0716
133.3559
133.6360
133.9214
134.0621
134.2030
134.4853
134.7726
135.0501
135.8996
136.0471
136.1879
136.3282
136.4670
136.6126
136.7516
136.8958
137.0341
137.1798
137.3192
137.4631
137.5993
137.7445
137.8835
138.0274
138.1661
138.3119
138.4523
138.5927
138.7302
138.8766
139.0174
139.1595
139.2978
139.4436
139.5829
139.7273
139.8626
140.0088
140.1515
140.2914
140.4300
140.5758
140.7157
140.8570
140.9965
141.1405
141.2817
141.4234
141.5624
141.7077
141.8474
141.9914
142.1287
142.2724
142.4125
142.5558
142.6943
142.8394
142.9802
143.1210
143.2606
143.4046
143.5454
143.6878
143.8262
143.9715
144.1112
144.2546
144.3923
144.5370
144.6792
144.8196
144.9584
145.1038
145.2437
145.3844
145.5253
145.6689
145.8087
145.9514
146.0902
146.2356
146.3747
146.5194
146.6574
146.8006
146.9413
147.0836
147.2221
147.3675
147.5075
147.6488
147.7893
147.9324
148.0740
148.2154
148.3539
148.4996
148.6389
148.7835
148.9212
149.0645
149.2074
149.3477
149.4859
149.6317
149.7718
149.9134
150.0542
150.1967
150.3392
150.4796
150.6181
150.7637
150.9030
151.0474
151.1857
151.3285
151.4687
151.6114
151.7502
151.8956
152.0358
152.1788
152.3175
152.4607
152.6027
152.7440
152.8822
153.0275
153.1671
153.3107
153.4494
153.5929
153.7351
153.8756
154.0142
154.1591
154.3007
154.4431
154.5811
154.7263
154.8668
155.0085
155.1460
155.2924
155.4317
155.5756
155.7123
155.8576
155.9988
156.1406
156.2788
156.4241
156.5654
156.7071
156.8455
156.9900
157.1314
157.2725
157.4098
157.5557
157.6952
157.8392
157.9777
158.1228
158.2635
158.4044
158.5426
158.6880
158.8289
158.9712
159.1104
159.2525
159.3951
159.5366
159.6747
159.8201
159.9596
160.1036
160.2427
160.3863
160.5271
160.6683
160.8068
160.9520
161.0932
161.2352
161.3746
161.5179
161.6588
161.8003
161.9386
162.0839
162.2237
162.3673
162.5065
162.6511
162.7914
162.9326
163.0712
163.2153
163.3570
163.4990
163.6382
163.7832
163.9230
164.0643
164.2034
164.3481
164.4872
164.6313
164.7707
164.9139
165.0549
165.1967
165.3347
165.4799
165.6214
165.7631
165.9020
166.0466
166.1870
166.3289
166.4671
166.6117
166.7514
166.8952
167.0342
167.1789
167.3191
167.4607
167.5990
167.7446
167.8864
168.0273
168.1664
168.3100
168.4512
168.5957
168.7310
168.8768
169.0171
169.1600
169.2987
169.4435
169.5831
169.7260
169.8628
170.0082
170.1512
170.2913
170.4304
170.5749
170.7156
170.8586
170.9953
171.1404
171.2807
171.4237
171.5624
171.7073
171.8477
171.9912
172.1281
172.2715
172.4156
172.5552
172.6942
172.8399
172.9789
173.1235
173.2617
173.4047
173.5446
173.6875
173.8270
173.9715
174.1112
174.2543
174.3914
174.5366
174.6797
174.8190
174.9582
175.1037
175.2429
175.3876
175.5247
175.6683
175.8112
175.9512
176.0903
176.2355
176.3751
176.5194
176.6571
176.8006
176.9433
177.0833
177.2223
177.3672
177.5072
177.6504
177.7892
177.9328
178.0737
178.2158
178.3549
178.4992
178.6389
178.7825
178.9199
179.0644
179.2074
179.3472
179.4865
179.6315
179.7716
179.9149
180.0533
180.1966
180.3376
180.4795
180.6185
180.7634
180.9038
181.0464
181.1837
181.3308
181.4719
181.6111
181.7500
181.8962
182.0350
182.1797
182.3167
182.4623
182.6014
182.7443
182.8824
183.0281
183.1669
183.3117
183.4479
183.5934
183.7361
183.8750
184.0138
184.1594
184.3003
184.4436
184.5807
184.7261
184.8670
185.0080
185.1460
185.2920
185.4328
185.5756
185.7145
185.8594
185.9997
186.1397
186.2788
186.4237
186.5636
186.7077
186.8465
186.9904
187.1316
187.2724
187.4109
187.5562
187.6951
187.8396
187.9783
188.1217
188.2639
188.4035
188.5426
188.6881
188.8279
188.9719
189.1104
189.2539
189.3952
189.5365
189.6748
189.8202
189.9609
190.1037
190.2421
190.3878
190.5284
190.6674
190.8066
190.9525
191.0927
191.2358
191.3744
191.5201
191.6594
191.8020
191.9389
192.0846
192.2282
192.3679
192.5061
192.6519
192.7920
192.9322
193.0703
193.2163
193.3560
193.4996
193.6379
193.7840
193.9233
194.0677
194.2024
194.3485
194.4922
194.6316
194.7702
194.9161
195.0565
195.1967
195.3362
195.4804
195.6212
195.7639
195.9025
196.0481
196.1875
196.3308
196.4679
196.6129
196.7560
196.8957
197.0347
197.1794
197.3207
197.4604
197.6001
197.7447
197.8849
198.0284
198.1665
198.3121
198.4513
198.5939
198.7321
198.8767
199.0202
199.1600
199.2961
199.7219
200.1465
200.7117
201.5620
201.9859
202.4102
202.9759
203.8261
204.2493
204.6748
205.2397
206.0892
206.5139
206.9380
207.5036
208.3528
208.7781
209.2012
209.7689
210.6164
211.0414
211.4649
212.0323
212.1478
212.8806
213.3057
213.7292
214.2970
215.1449
215.2634
215.5689
215.9932
216.1114
216.5606
216.6786